kinematics:
  shoulder:
    x: 0
    y: 0
    z: 0.16255082125852235
    roll: -0
    pitch: 0
    yaw: -4.2223845833806728e-08
  upper_arm:
    x: 8.1459057326122277e-05
    y: 0
    z: 0
    roll: 1.5696350009236346
    pitch: 0
    yaw: -4.7251265118397603e-06
  forearm:
    x: -0.42538653685273659
    y: 0
    z: 0
    roll: 3.1412330908499952
    pitch: 3.1398052750868848
    yaw: 3.1415919775663923
  wrist_1:
    x: -0.39212556012223071
    y: -4.3708049656647096e-05
    z: 0.13426691359253581
    roll: 0.00032553104069531707
    pitch: 0.0010874853653533936
    yaw: 4.0315723094995884e-06
  wrist_2:
    x: 2.7085045692519178e-05
    y: -0.099741849373902014
    z: 8.013561381817232e-05
    roll: 1.5699928967694992
    pitch: 0
    yaw: 7.0291861547361334e-07
  wrist_3:
    x: 5.3852868760516236e-05
    y: 0.099466266291930297
    z: 4.1086884910328793e-06
    roll: 1.5708376341510673
    pitch: 3.1415926535897931
    yaw: -3.1415926085142813
  hash: calib_3707265288120979349
